version https://git-lfs.github.com/spec/v1
oid sha256:6211af9e78eda60adb2da81c71a00c1b96453df544f8e91569998f253b847138
size 689244
